*SCRIPT PAL_JEDEC_CONTADOR01
{
L0000 1111 1111 1111 1011 1111 1111 1111 1111 1111 1111 1111 *
L0044 1111 1111 1111 1111 1111 1111 1111 1111 1111 1111 1111 *
L0088 1110 1001 1111 1101 1111 1111 1111 1111 1111 1111 1111 *
L0132 1110 1101 1110 1101 1111 1111 1111 1111 1111 1111 1111 *
L0176 1101 1110 1110 1110 1111 1111 1111 1111 1111 1111 1111 *
L0220 1101 0110 1110 1111 1111 1111 1111 1111 1111 1111 1111 *
L0264 0011 1111 1111 1111 1111 1111 1111 1111 1111 1111 1111 *
L0308 0011 1111 1111 1111 1111 1111 1111 1111 1111 1111 1111 *
L0352 0011 1111 1111 1111 1111 1111 1111 1111 1111 1111 1111 *
L0396 0011 1111 1111 1111 1111 1111 1111 1111 1111 1111 1111 *

L0440 1111 1111 1111 1111 1111 1111 1111 1111 1111 1111 1111 *
L0484 1101 1101 1110 1110 1111 1111 1111 1111 1111 1111 1111 *
L0528 1110 1110 1111 1111 1111 1111 1111 1111 1111 1111 1111 *
L0572 1111 1010 1111 1101 1111 1111 1111 1111 1111 1111 1111 *
L0616 1111 1110 1101 1101 1111 1111 1111 1111 1111 1111 1111 *
L0660 1111 1110 1101 1110 1111 1111 1111 1111 1111 1111 1111 *
L0704 1101 0101 1110 1111 1111 1111 1111 1111 1111 1111 1111 *
L0748 0011 1111 1111 1111 1111 1111 1111 1111 1111 1111 1111 *
L0792 0011 1111 1111 1111 1111 1111 1111 1111 1111 1111 1111 *
L0836 0011 1111 1111 1111 1111 1111 1111 1111 1111 1111 1111 *
L0880 0011 1111 1111 1111 1111 1111 1111 1111 1111 1111 1111 *

L0924 1111 1111 1111 1111 1111 1111 1111 1111 1111 1111 1111 *
L0968 1101 1011 1110 1101 1111 1111 1111 1111 1111 1111 1111 *
L1012 1101 1111 1101 1110 1111 1111 1111 1111 1111 1111 1111 *
L1056 1101 0111 1101 1101 1111 1111 1111 1111 1111 1111 1111 *
L1100 1110 1101 1110 1110 1111 1111 1111 1111 1111 1111 1111 *
L1144 1110 0110 1110 1111 1111 1111 1111 1111 1111 1111 1111 *
L1188 0011 1111 1111 1111 1111 1111 1111 1111 1111 1111 1111 *
L1232 0011 1111 1111 1111 1111 1111 1111 1111 1111 1111 1111 *
L1276 0011 1111 1111 1111 1111 1111 1111 1111 1111 1111 1111 *
L1320 0011 1111 1111 1111 1111 1111 1111 1111 1111 1111 1111 *
L1364 0011 1111 1111 1111 1111 1111 1111 1111 1111 1111 1111 *
L1408 0011 1111 1111 1111 1111 1111 1111 1111 1111 1111 1111 *
L1452 0011 1111 1111 1111 1111 1111 1111 1111 1111 1111 1111 *

L1496 1111 1111 1111 1111 1111 1111 1111 1111 1111 1111 1111 *
L1540 1111 1011 1111 1101 1111 1111 1111 1111 1111 1111 1111 *
L1584 1111 0111 1111 1110 1111 1111 1111 1111 1111 1111 1111 *
L1628 0011 1111 1111 1111 1111 1111 1111 1111 1111 1111 1111 *
L1672 0011 1111 1111 1111 1111 1111 1111 1111 1111 1111 1111 *
L1716 0011 1111 1111 1111 1111 1111 1111 1111 1111 1111 1111 *
L1760 0011 1111 1111 1111 1111 1111 1111 1111 1111 1111 1111 *
L1804 0011 1111 1111 1111 1111 1111 1111 1111 1111 1111 1111 *
L1848 0011 1111 1111 1111 1111 1111 1111 1111 1111 1111 1111 *
L1892 0011 1111 1111 1111 1111 1111 1111 1111 1111 1111 1111 *
L1936 0011 1111 1111 1111 1111 1111 1111 1111 1111 1111 1111 *
L1980 0011 1111 1111 1111 1111 1111 1111 1111 1111 1111 1111 *
L2024 0011 1111 1111 1111 1111 1111 1111 1111 1111 1111 1111 *
L2068 0011 1111 1111 1111 1111 1111 1111 1111 1111 1111 1111 *
L2112 0011 1111 1111 1111 1111 1111 1111 1111 1111 1111 1111 *

L2156 1111 1111 1111 1111 1111 1111 1111 1111 1111 1111 1111 *
L2200 1111 1111 1111 1111 1111 1111 1111 1111 1111 1111 1111 *
L2244 1111 1111 1111 1111 1111 1111 1111 1111 1111 1111 1111 *
L2288 1111 1111 1111 1111 1111 1111 1111 1111 1111 1111 1111 *
L2332 1111 1111 1111 1111 1111 1111 1111 1111 1111 1111 1111 *
L2376 1111 1111 1111 1111 1111 1111 1111 1111 1111 1111 1111 *
L2420 1111 1111 1111 1111 1111 1111 1111 1111 1111 1111 1111 *
L2464 1111 1111 1111 1111 1111 1111 1111 1111 1111 1111 1111 *
L2508 1111 1111 1111 1111 1111 1111 1111 1111 1111 1111 1111 *
L2552 1111 1111 1111 1111 1111 1111 1111 1111 1111 1111 1111 *
L2596 1111 1111 1111 1111 1111 1111 1111 1111 1111 1111 1111 *
L2640 1111 1111 1111 1111 1111 1111 1111 1111 1111 1111 1111 *
L2684 1111 1111 1111 1111 1111 1111 1111 1111 1111 1111 1111 *
L2728 1111 1111 1111 1111 1111 1111 1111 1111 1111 1111 1111 *
L2772 1111 1111 1111 1111 1111 1111 1111 1111 1111 1111 1111 *
L2816 1111 1111 1111 1111 1111 1111 1111 1111 1111 1111 1111 *
L2860 1111 1111 1111 1111 1111 1111 1111 1111 1111 1111 1111 *

L2904 1111 1111 1111 1111 1111 1111 1111 1111 1111 1111 1111 *
L2948 1111 1111 1111 1111 1111 1111 1111 1111 1111 1111 1111 *
L2992 1111 1111 1111 1111 1111 1111 1111 1111 1111 1111 1111 *
L3036 1111 1111 1111 1111 1111 1111 1111 1111 1111 1111 1111 *
L3080 1111 1111 1111 1111 1111 1111 1111 1111 1111 1111 1111 *
L3124 1111 1111 1111 1111 1111 1111 1111 1111 1111 1111 1111 *
L3168 1111 1111 1111 1111 1111 1111 1111 1111 1111 1111 1111 *
L3212 1111 1111 1111 1111 1111 1111 1111 1111 1111 1111 1111 *
L3256 1111 1111 1111 1111 1111 1111 1111 1111 1111 1111 1111 *
L3300 1111 1111 1111 1111 1111 1111 1111 1111 1111 1111 1111 *
L3344 1111 1111 1111 1111 1111 1111 1111 1111 1111 1111 1111 *
L3388 1111 1111 1111 1111 1111 1111 1111 1111 1111 1111 1111 *
L3432 1111 1111 1111 1111 1111 1111 1111 1111 1111 1111 1111 *
L3476 1111 1111 1111 1111 1111 1111 1111 1111 1111 1111 1111 *
L3520 1111 1111 1111 1111 1111 1111 1111 1111 1111 1111 1111 *
L3564 1111 1111 1111 1111 1111 1111 1111 1111 1111 1111 1111 *
L3608 1111 1111 1111 1111 1111 1111 1111 1111 1111 1111 1111 *

L3652 1111 1111 1111 1111 1111 1111 1111 1111 1111 1111 1111 *
L3696 1111 1111 1111 1111 1111 1111 1111 1111 1111 1111 1111 *
L3740 1111 1111 1111 1111 1111 1111 1111 1111 1111 1111 1111 *
L3784 1111 1111 1111 1111 1111 1111 1111 1111 1111 1111 1111 *
L3828 1111 1111 1111 1111 1111 1111 1111 1111 1111 1111 1111 *
L3872 1111 1111 1111 1111 1111 1111 1111 1111 1111 1111 1111 *
L3916 1111 1111 1111 1111 1111 1111 1111 1111 1111 1111 1111 *
L3960 1111 1111 1111 1111 1111 1111 1111 1111 1111 1111 1111 *
L4004 1111 1111 1111 1111 1111 1111 1111 1111 1111 1111 1111 *
L4048 1111 1111 1111 1111 1111 1111 1111 1111 1111 1111 1111 *
L4092 1111 1111 1111 1111 1111 1111 1111 1111 1111 1111 1111 *
L4136 1111 1111 1111 1111 1111 1111 1111 1111 1111 1111 1111 *
L4180 1111 1111 1111 1111 1111 1111 1111 1111 1111 1111 1111 *
L4224 1111 1111 1111 1111 1111 1111 1111 1111 1111 1111 1111 *
L4268 1111 1111 1111 1111 1111 1111 1111 1111 1111 1111 1111 *

L4312 1111 1111 1111 1111 1111 1111 1111 1111 1111 1111 1111 *
L4356 1111 1111 1111 1111 1111 1111 1111 1111 1111 1111 1111 *
L4400 1111 1111 1111 1111 1111 1111 1111 1111 1111 1111 1111 *
L4444 1111 1111 1111 1111 1111 1111 1111 1111 1111 1111 1111 *
L4488 1111 1111 1111 1111 1111 1111 1111 1111 1111 1111 1111 *
L4532 1111 1111 1111 1111 1111 1111 1111 1111 1111 1111 1111 *
L4576 1111 1111 1111 1111 1111 1111 1111 1111 1111 1111 1111 *
L4620 1111 1111 1111 1111 1111 1111 1111 1111 1111 1111 1111 *
L4664 1111 1111 1111 1111 1111 1111 1111 1111 1111 1111 1111 *
L4708 1111 1111 1111 1111 1111 1111 1111 1111 1111 1111 1111 *
L4752 1111 1111 1111 1111 1111 1111 1111 1111 1111 1111 1111 *
L4796 1111 1111 1111 1111 1111 1111 1111 1111 1111 1111 1111 *
L4840 1111 1111 1111 1111 1111 1111 1111 1111 1111 1111 1111 *

L4884 1111 1111 1111 1111 1111 1111 1111 1111 1111 1111 1111 *
L4928 1111 1111 1111 1111 1111 1111 1111 1111 1111 1111 1111 *
L4972 1111 1111 1111 1111 1111 1111 1111 1111 1111 1111 1111 *
L5016 1111 1111 1111 1111 1111 1111 1111 1111 1111 1111 1111 *
L5060 1111 1111 1111 1111 1111 1111 1111 1111 1111 1111 1111 *
L5104 1111 1111 1111 1111 1111 1111 1111 1111 1111 1111 1111 *
L5148 1111 1111 1111 1111 1111 1111 1111 1111 1111 1111 1111 *
L5192 1111 1111 1111 1111 1111 1111 1111 1111 1111 1111 1111 *
L5236 1111 1111 1111 1111 1111 1111 1111 1111 1111 1111 1111 *
L5280 1111 1111 1111 1111 1111 1111 1111 1111 1111 1111 1111 *
L5324 1111 1111 1111 1111 1111 1111 1111 1111 1111 1111 1111 *

L5368 1111 1111 1111 1111 1111 1111 1111 1111 1111 1111 1111 *
L5412 1111 1111 1111 1111 1111 1111 1111 1111 1111 1111 1111 *
L5456 1111 1111 1111 1111 1111 1111 1111 1111 1111 1111 1111 *
L5500 1111 1111 1111 1111 1111 1111 1111 1111 1111 1111 1111 *
L5544 1111 1111 1111 1111 1111 1111 1111 1111 1111 1111 1111 *
L5588 1111 1111 1111 1111 1111 1111 1111 1111 1111 1111 1111 *
L5632 1111 1111 1111 1111 1111 1111 1111 1111 1111 1111 1111 *
L5676 1111 1111 1111 1111 1111 1111 1111 1111 1111 1111 1111 *
L5720 1111 1111 1111 1111 1111 1111 1111 1111 1111 1111 1111 *

L5764 1111 1111 1011 1111 1111 1111 1111 1111 1111 1111 1111 *

L5808 10 10 10 10 10 10 10 11 11 11 *

L5828 11111111 11111111 11111111 11111111 11111111 11111111 11111111 11111111 
}
*ENDSCRIPT