*SCRIPT PAL_JEDEC_VIRGEN
{
L0000 1111 1111 1111 1111 1111 1111 1111 1111 1111 1111 1111 *
L0044 1111 1111 1111 1111 1011 1111 1111 1111 1111 1111 1111 *
L0088 1111 1111 1111 1111 1111 0111 1111 1111 1111 1111 1111 *
L0132 1111 0111 1111 1011 1111 1111 1111 1111 1111 1111 1111 *
L0176 1011 1111 1011 1111 1111 1111 1111 1111 1111 1111 1111 *
L0220 1011 1111 1111 0111 1111 1111 1111 1111 1111 1111 1111 *
L0264 1111 0111 0111 1111 1111 1111 1111 1111 1111 1111 1111 *
L0308 1111 1011 1011 0111 1111 1111 1111 1111 1111 1111 1111 *
L0352 0111 1111 0111 1011 1111 1111 1111 1111 1111 1111 1111 *
L0396 0011 1111 1111 1111 1111 1111 1111 1111 1111 1111 1111 *

L0440 1111 1111 1111 1111 1011 1111 1111 1111 1111 1111 1111 *
L0484 1111 1111 1111 1111 1111 0111 1111 1111 1111 1111 1111 *
L0528 1111 1111 1011 1011 1111 1111 1111 1111 1111 1111 1111 *
L0572 1011 1111 1011 1111 1111 1111 1111 1111 1111 1111 1111 *
L0616 1011 1011 1111 1011 1111 1111 1111 1111 1111 1111 1111 *
L0660 0111 0111 1111 1011 1111 1111 1111 1111 1111 1111 1111 *
L0704 0111 1011 1111 0111 1111 1111 1111 1111 1111 1111 1111 *
L0748 0011 1111 1111 1111 1111 1111 1111 1111 1111 1111 1111 *
L0792 0011 1111 1111 1111 1111 1111 1111 1111 1111 1111 1111 *
L0836 0011 1111 1111 1111 1111 1111 1111 1111 1111 1111 1111 *
L0880 0011 1111 1111 1111 1111 1111 1111 1111 1111 1111 1111 *

L0924 1111 1111 1111 1111 1011 1111 1111 1111 1111 1111 1111 *
L0968 1111 1111 1111 1111 1111 0111 1111 1111 1111 1111 1111 *
L1012 1111 1011 1111 1011 1111 1111 1111 1111 1111 1111 1111 *
L1056 0111 1111 1011 1111 1111 1111 1111 1111 1111 1111 1111 *
L1100 0111 1011 1111 1111 1111 1111 1111 1111 1111 1111 1111 *
L1144 1111 1111 1011 0111 1111 1111 1111 1111 1111 1111 1111 *
L1188 1111 1111 0111 1011 1111 1111 1111 1111 1111 1111 1111 *
L1232 0011 1111 1111 1111 1111 1111 1111 1111 1111 1111 1111 *
L1276 0011 1111 1111 1111 1111 1111 1111 1111 1111 1111 1111 *
L1320 0011 1111 1111 1111 1111 1111 1111 1111 1111 1111 1111 *
L1364 0011 1111 1111 1111 1111 1111 1111 1111 1111 1111 1111 *
L1408 0011 1111 1111 1111 1111 1111 1111 1111 1111 1111 1111 *
L1452 0011 1111 1111 1111 1111 1111 1111 1111 1111 1111 1111 *

L1496 1111 1111 1111 1111 1011 1111 1111 1111 1111 1111 1111 *
L1540 1111 1111 1111 1111 1111 0111 1111 1111 1111 1111 1111 *
L1584 1011 1111 1011 1011 1111 1111 1111 1111 1111 1111 1111 *
L1628 0111 0111 1011 1111 1111 1111 1111 1111 1111 1111 1111 *
L1672 1111 1011 1111 0111 1111 1111 1111 1111 1111 1111 1111 *
L1716 1011 0111 0111 1111 1111 1111 1111 1111 1111 1111 1111 *
L1760 0111 1011 0111 1111 1111 1111 1111 1111 1111 1111 1111 *
L1804 0011 1111 1111 1111 1111 1111 1111 1111 1111 1111 1111 *
L1848 0011 1111 1111 1111 1111 1111 1111 1111 1111 1111 1111 *
L1892 0011 1111 1111 1111 1111 1111 1111 1111 1111 1111 1111 *
L1936 0011 1111 1111 1111 1111 1111 1111 1111 1111 1111 1111 *
L1980 0011 1111 1111 1111 1111 1111 1111 1111 1111 1111 1111 *
L2024 0011 1111 1111 1111 1111 1111 1111 1111 1111 1111 1111 *
L2068 0011 1111 1111 1111 1111 1111 1111 1111 1111 1111 1111 *
L2112 0011 1111 1111 1111 1111 1111 1111 1111 1111 1111 1111 *

L2156 1111 1111 1111 1111 1011 1111 1111 1111 1111 1111 1111 *
L2200 1111 1111 1111 1111 1111 0111 1111 1111 1111 1111 1111 *
L2244 1011 1111 1011 1111 1111 1111 1111 1111 1111 1111 1111 *
L2288 1011 0111 1111 1111 1111 1111 1111 1111 1111 1111 1111 *
L2332 1111 0111 1111 0111 1111 1111 1111 1111 1111 1111 1111 *
L2376 1111 1111 0111 0111 1111 1111 1111 1111 1111 1111 1111 *
L2420 0011 1111 1111 1111 1111 1111 1111 1111 1111 1111 1111 *
L2464 0011 1111 1111 1111 1111 1111 1111 1111 1111 1111 1111 *
L2508 0011 1111 1111 1111 1111 1111 1111 1111 1111 1111 1111 *
L2552 0011 1111 1111 1111 1111 1111 1111 1111 1111 1111 1111 *
L2596 0011 1111 1111 1111 1111 1111 1111 1111 1111 1111 1111 *
L2640 0011 1111 1111 1111 1111 1111 1111 1111 1111 1111 1111 *
L2684 0011 1111 1111 1111 1111 1111 1111 1111 1111 1111 1111 *
L2728 0011 1111 1111 1111 1111 1111 1111 1111 1111 1111 1111 *
L2772 0011 1111 1111 1111 1111 1111 1111 1111 1111 1111 1111 *
L2816 0011 1111 1111 1111 1111 1111 1111 1111 1111 1111 1111 *
L2860 0011 1111 1111 1111 1111 1111 1111 1111 1111 1111 1111 *

L2904 1111 1111 1111 1111 1011 1111 1111 1111 1111 1111 1111 *
L2948 1111 1111 1111 1111 1111 0111 1111 1111 1111 1111 1111 *
L2992 1011 1011 1111 1111 1111 1111 1111 1111 1111 1111 1111 *
L3036 1111 1111 1011 0111 1111 1111 1111 1111 1111 1111 1111 *
L3080 1111 0111 0111 1111 1111 1111 1111 1111 1111 1111 1111 *
L3124 1111 1111 0111 1011 1111 1111 1111 1111 1111 1111 1111 *
L3168 0011 1111 1111 1111 1111 1111 1111 1111 1111 1111 1111 *
L3212 0011 1111 1111 1111 1111 1111 1111 1111 1111 1111 1111 *
L3256 0011 1111 1111 1111 1111 1111 1111 1111 1111 1111 1111 *
L3300 0011 1111 1111 1111 1111 1111 1111 1111 1111 1111 1111 *
L3344 0011 1111 1111 1111 1111 1111 1111 1111 1111 1111 1111 *
L3388 0011 1111 1111 1111 1111 1111 1111 1111 1111 1111 1111 *
L3432 0011 1111 1111 1111 1111 1111 1111 1111 1111 1111 1111 *
L3476 0011 1111 1111 1111 1111 1111 1111 1111 1111 1111 1111 *
L3520 0011 1111 1111 1111 1111 1111 1111 1111 1111 1111 1111 *
L3564 0011 1111 1111 1111 1111 1111 1111 1111 1111 1111 1111 *
L3608 0011 1111 1111 1111 1111 1111 1111 1111 1111 1111 1111 *

L3652 1111 1111 1111 1111 1011 1111 1111 1111 1111 1111 1111 *
L3696 1111 1111 1111 1111 1111 0111 1111 1111 1111 1111 1111 *
L3740 1111 0111 1011 1111 1111 1111 1111 1111 1111 1111 1111 *
L3784 1011 0111 1111 1111 1111 1111 1111 1111 1111 1111 1111 *
L3828 1111 1111 1011 0111 1111 1111 1111 1111 1111 1111 1111 *
L3872 0111 1111 1111 0111 1111 1111 1111 1111 1111 1111 1111 *
L3916 1111 1011 0111 1011 1111 1111 1111 1111 1111 1111 1111 *
L3960 0011 1111 1111 1111 1111 1111 1111 1111 1111 1111 1111 *
L4004 0011 1111 1111 1111 1111 1111 1111 1111 1111 1111 1111 *
L4048 0011 1111 1111 1111 1111 1111 1111 1111 1111 1111 1111 *
L4092 0011 1111 1111 1111 1111 1111 1111 1111 1111 1111 1111 *
L4136 0011 1111 1111 1111 1111 1111 1111 1111 1111 1111 1111 *
L4180 0011 1111 1111 1111 1111 1111 1111 1111 1111 1111 1111 *
L4224 0011 1111 1111 1111 1111 1111 1111 1111 1111 1111 1111 *
L4268 0011 1111 1111 1111 1111 1111 1111 1111 1111 1111 1111 *

L4312 1111 1111 1111 1111 1111 1111 1111 1111 1111 1111 1111 *
L4356 1111 1111 1111 1111 1111 1111 1111 1111 1111 1111 1111 *
L4400 1111 1111 1111 1111 1111 1111 1111 1111 1111 1111 1111 *
L4444 1111 1111 1111 1111 1111 1111 1111 1111 1111 1111 1111 *
L4488 1111 1111 1111 1111 1111 1111 1111 1111 1111 1111 1111 *
L4532 1111 1111 1111 1111 1111 1111 1111 1111 1111 1111 1111 *
L4576 1111 1111 1111 1111 1111 1111 1111 1111 1111 1111 1111 *
L4620 1111 1111 1111 1111 1111 1111 1111 1111 1111 1111 1111 *
L4664 1111 1111 1111 1111 1111 1111 1111 1111 1111 1111 1111 *
L4708 1111 1111 1111 1111 1111 1111 1111 1111 1111 1111 1111 *
L4752 1111 1111 1111 1111 1111 1111 1111 1111 1111 1111 1111 *
L4796 1111 1111 1111 1111 1111 1111 1111 1111 1111 1111 1111 *
L4840 1111 1111 1111 1111 1111 1111 1111 1111 1111 1111 1111 *

L4884 1111 1111 1111 1111 1111 1111 1111 1111 1111 1111 1111 *
L4928 1111 1111 1111 1111 1111 1111 1111 1111 1111 1111 1111 *
L4972 1111 1111 1111 1111 1111 1111 1111 1111 1111 1111 1111 *
L5016 1111 1111 1111 1111 1111 1111 1111 1111 1111 1111 1111 *
L5060 1111 1111 1111 1111 1111 1111 1111 1111 1111 1111 1111 *
L5104 1111 1111 1111 1111 1111 1111 1111 1111 1111 1111 1111 *
L5148 1111 1111 1111 1111 1111 1111 1111 1111 1111 1111 1111 *
L5192 1111 1111 1111 1111 1111 1111 1111 1111 1111 1111 1111 *
L5236 1111 1111 1111 1111 1111 1111 1111 1111 1111 1111 1111 *
L5280 1111 1111 1111 1111 1111 1111 1111 1111 1111 1111 1111 *
L5324 1111 1111 1111 1111 1111 1111 1111 1111 1111 1111 1111 *

L5368 1111 1111 1111 1111 1111 1111 1111 1111 1111 1111 1111 *
L5412 1111 1111 1111 1111 1111 1111 1111 1111 1111 1111 1111 *
L5456 1111 1111 1111 1111 1111 1111 1111 1111 1111 1111 1111 *
L5500 1111 1111 1111 1111 1111 1111 1111 1111 1111 1111 1111 *
L5544 1111 1111 1111 1111 1111 1111 1111 1111 1111 1111 1111 *
L5588 1111 1111 1111 1111 1111 1111 1111 1111 1111 1111 1111 *
L5632 1111 1111 1111 1111 1111 1111 1111 1111 1111 1111 1111 *
L5676 1111 1111 1111 1111 1111 1111 1111 1111 1111 1111 1111 *
L5720 1111 1111 1111 1111 1111 1111 1111 1111 1111 1111 1111 *

L5764 1111 1111 1111 1111 1111 1111 1111 1111 1111 1111 1111 *

L5808 11 11 11 11 11 11 11 11 11 11 *

L5828 11111111 11111111 11111111 11111111 11111111 11111111 11111111 11111111 
}
*ENDSCRIPT